
#' @export

tau <- 6.2831853071795864769252867665590057683943387987502116419498
